version https://git-lfs.github.com/spec/v1
oid sha256:e691aa9a7bbb0c50821ba2fdf500e2b539a00b7f8e9853d04f460e9a0d79d918
size 142117563
